462.63
172.65
463.02
158.51
473.00
149.51
467.54
244.56
221.84
277.20
207.29
152.76
222.81
425.70
224.64
459.32
435.32
331.94
429.15
412.47
349.32
168.14
243.78
214.91
431.52
233.44
269.25
221.71
221.35
428.02
306.99
337.40
335.64
241.51
222.74
225.24
339.69
158.33
403.14
335.83
166.73
230.99
233.80
330.02
173.29
177.59
450.31
219.47
329.41
282.96
433.13
359.53
200.61
430.29
356.36
339.79
442.39
337.13
170.16
443.97
161.75
225.97
280.23
210.30
431.70
336.53
263.03
435.96
453.34
446.95
277.57
335.35
153.16
461.77
222.30
389.89
175.01
348.61
352.81
221.76
225.91
219.14
224.04
176.02
335.27
427.28
241.76
233.39
204.03
272.22
236.30
295.52
390.54
206.99
307.46
334.68
356.61
246.15
325.54
335.90
851.26
1486.46
873.22
1694.68
1235.18
607.67
1090.48
1474.21
797.62
1424.76
779.69
1549.44
1534.13
1622.68
1583.84
1442.78
818.15
782.54
1306.09
781.47
1731.85
1686.26
790.00
1205.46
799.50
1654.27
824.80
791.10
582.12
834.09
1451.82
955.35
1094.15
883.53
1370.00
794.31
1142.43
1460.41
1459.76
869.93
652.14
967.89
1128.99
873.63
921.08
1464.09
1629.71
1458.95
888.75
1442.99
878.67
1505.08
1033.75
1444.59
1349.97
801.16
1217.06
1213.45
825.78
755.00
1373.37
581.50
1184.97
911.65
1475.61
1414.94
798.17
786.09
1688.30
455.45
783.92
922.81
866.95
1259.65
1269.16
1434.08
1522.12
818.19
737.66
711.81
1516.90
1310.43
947.06
1697.39
950.72
1126.98
789.44
901.75
888.45
1394.78
1567.75
1267.00
920.95
578.05
475.04
1145.58
962.42
741.76
752.82
896.45
1877.72
1589.72
1529.61
952.87
1522.33
2041.82
1054.45
902.96
1179.70
1642.72
1553.66
1298.55
1529.54
1063.92
1671.79
1713.99
1562.08
1093.35
1863.40
1544.54
1019.97
1385.09
1927.91
1716.37
1674.05
1456.45
1362.41
1671.78
1099.16
1642.41
626.60
1525.43
1123.77
1625.33
1046.69
1704.65
1152.31
1638.34
1631.98
1596.71
1126.30
1560.11
775.54
1670.24
1729.95
1781.10
2008.77
1817.84
1548.70
1720.71
1226.19
1202.63
1880.83
1586.65
1891.31
1048.92
1490.51
873.65
1553.90
1201.68
1510.49
1667.01
1861.71
1277.76
1540.24
1764.43
1640.91
1206.59
1460.47
1907.56
1605.89
1797.75
1496.68
1176.15
976.40
945.76
1836.46
1408.10
1585.62
888.51
1965.19
1153.26
1485.49
1979.27
1403.62
1901.87
1807.17
1099.64
1677.80
1144.43
2058.52
1909.58
2121.50
1935.88
1008.35
1443.96
875.52
1836.14
1576.27
1644.47
1445.40
993.41
1371.86
804.95
1439.25
829.60
1030.76
1470.70
1405.54
1497.08
1054.89
1255.76
1140.44
1257.20
1263.84
895.59
1021.92
669.89
1135.84
1090.40
1544.99
874.61
756.98
1389.07
1540.19
1113.69
1256.70
1577.17
1203.39
898.49
669.04
677.93
665.96
1924.11
1310.48
762.07
741.98
662.13
963.97
1049.82
745.21
875.85
1230.99
1393.69
985.30
1087.98
1255.32
680.98
1035.58
1194.04
1772.31
982.62
648.82
1197.11
658.94
729.78
1290.38
1316.62
641.18
744.70
752.19
1106.92
1899.83
1258.19
663.65
1688.23
1471.10
887.28
748.09
1164.88
1028.43
1115.89
1311.95
1267.76
1325.95
1152.13
1432.42
635.96
742.32
1194.24
766.36
1013.85
