462.63
172.65
463.02
158.51
473.00
149.51
467.54
244.56
221.84
277.20
207.29
152.76
222.81
425.70
224.64
459.32
435.32
331.94
429.15
412.47
349.32
168.14
243.78
214.91
431.52
233.44
269.25
221.71
221.35
428.02
306.99
337.40
335.64
241.51
222.74
225.24
339.69
158.33
403.14
335.83
166.73
230.99
233.80
330.02
173.29
177.59
450.31
219.47
329.41
282.96
433.13
359.53
200.61
430.29
356.36
339.79
442.39
337.13
170.16
443.97
161.75
225.97
280.23
210.30
431.70
336.53
263.03
435.96
453.34
446.95
277.57
335.35
153.16
461.77
222.30
389.89
175.01
348.61
352.81
221.76
225.91
219.14
224.04
176.02
335.27
427.28
241.76
233.39
204.03
272.22
236.30
295.52
390.54
206.99
307.46
334.68
356.61
246.15
325.54
335.90
851.26
1486.46
873.22
1694.68
1235.18
607.67
1090.48
1474.21
797.62
1424.76
779.69
1549.44
1534.13
1622.68
1583.84
1442.78
818.15
782.54
1306.09
781.47
1731.85
1686.26
790.00
1205.46
799.50
1654.27
824.80
791.10
582.12
834.09
1451.82
955.35
1094.15
883.53
1370.00
794.31
1142.43
1460.41
1459.76
869.93
652.14
967.89
1128.99
873.63
921.08
1464.09
1629.71
1458.95
888.75
1442.99
878.67
1505.08
1033.75
1444.59
1349.97
801.16
1217.06
1213.45
825.78
755.00
1373.37
581.50
1184.97
911.65
1475.61
1414.94
798.17
786.09
1688.30
455.45
783.92
922.81
866.95
1259.65
1269.16
1434.08
1522.12
818.19
737.66
711.81
1516.90
1310.43
947.06
1697.39
950.72
1126.98
789.44
901.75
888.45
1394.78
1567.75
1267.00
920.95
578.05
475.04
1145.58
962.42
741.76
752.82
896.45
1877.72
1589.72
1529.61
952.87
1522.33
2041.82
1054.45
902.96
1179.70
1642.72
1553.66
1298.55
1529.54
1063.92
1671.79
1713.99
1562.08
1093.35
1863.40
1544.54
1019.97
1385.09
1927.91
1716.37
1674.05
1456.45
1362.41
1671.78
1099.16
1642.41
626.60
1525.43
1123.77
1625.33
1046.69
1704.65
1152.31
1638.34
1631.98
1596.71
1126.30
1560.11
775.54
1670.24
1729.95
1781.10
2008.77
1817.84
1548.70
1720.71
1226.19
1202.63
1880.83
1586.65
1891.31
1048.92
1490.51
873.65
1553.90
1201.68
1510.49
1667.01
1861.71
1277.76
1540.24
1764.43
1640.91
1206.59
1460.47
1907.56
1605.89
1797.75
1496.68
1176.15
976.40
945.76
1836.46
1408.10
1585.62
888.51
1965.19
1153.26
1485.49
1979.27
1403.62
1901.87
1807.17
1099.64
1677.80
1144.43
2058.52
1909.58
2121.50
1935.88
1008.35
1443.96
875.52
1836.14
1576.27
1644.47
1445.40
993.41
1371.86
804.95
1439.25
829.60
1030.76
1470.70
1405.54
1497.08
1054.89
1255.76
1140.44
1257.20
1263.84
895.59
1021.92
669.89
1135.84
1090.40
1544.99
874.61
756.98
1389.07
1540.19
1113.69
1256.70
1577.17
1203.39
898.49
669.04
677.93
665.96
1924.11
1310.48
762.07
741.98
662.13
963.97
1049.82
745.21
875.85
1230.99
1393.69
985.30
1087.98
1255.32
680.98
1035.58
1194.04
1772.31
982.62
648.82
1197.11
658.94
729.78
1290.38
1316.62
641.18
744.70
752.19
1106.92
1899.83
1258.19
663.65
1688.23
1471.10
887.28
748.09
1164.88
1028.43
1115.89
1311.95
1267.76
1325.95
1152.13
1432.42
635.96
742.32
1194.24
766.36
1013.85
1354.36
603.68
1182.68
716.84
1911.71
569.94
893.20
1397.87
659.82
978.40
662.54
1414.59
1743.03
1107.89
1329.62
820.23
1143.93
1668.87
877.63
766.29
844.00
1046.34
717.47
517.86
973.09
896.13
538.10
1110.01
640.24
1147.13
774.50
990.82
695.81
599.77
1124.16
535.15
1392.59
551.82
1089.62
502.41
838.55
894.43
662.33
821.42
1305.92
745.23
484.01
1363.61
480.64
724.71
963.72
977.02
623.90
1472.69
941.32
885.41
744.70
1016.94
1012.88
880.57
523.09
661.32
535.74
1074.49
663.24
887.96
1135.95
671.16
296.75
307.51
313.22
701.53
1177.38
528.67
925.24
782.76
466.67
898.94
846.24
794.61
908.24
751.15
1181.07
543.04
888.29
1135.59
1205.01
356.51
774.80
858.04
1165.40
1060.52
730.72
778.82
1122.07
1094.13
841.62
372.13
594.84
720.98
320.27
342.69
715.78
654.29
1184.27
870.60
775.89
1103.19
574.99
668.63
361.87
763.27
325.73
332.11
1140.10
806.24
795.60
782.40
1009.56
859.79
633.27
318.12
1052.67
286.28
774.89
631.63
828.42
646.28
886.98
757.25
643.84
466.15
314.87
781.55
773.07
1241.74
895.29
468.87
1004.60
783.93
1235.21
425.24
658.98
568.46
634.78
832.67
805.42
376.75
678.53
947.79
775.65
625.31
308.64
953.34
981.41
323.69
1111.09
631.41
953.44
1074.01
772.25
309.86
533.15
382.43
1195.43
1135.72
385.71
784.98
1505.42
1191.40
1250.65
1430.79
1255.47
504.08
670.98
726.08
1036.84
1449.44
705.07
1376.03
924.55
670.81
1487.09
708.24
723.15
574.69
933.43
1382.02
606.61
619.40
865.37
1494.11
1289.85
700.24
1473.74
664.75
1276.44
598.72
619.02
1152.48
592.18
582.56
754.90
1510.92
1325.91
919.99
1124.01
1271.12
1508.34
880.71
1046.88
1500.25
763.53
1392.75
1240.37
1239.97
840.34
1117.21
1460.96
720.93
1583.00
1391.31
561.76
1421.23
830.66
629.37
748.13
1506.66
830.40
1021.86
1195.60
1558.39
1463.55
722.71
1112.69
1128.01
1442.97
668.97
1525.62
476.89
1377.84
506.67
838.08
1270.78
1291.93
709.60
1482.51
1063.82
853.70
626.62
727.97
1436.11
873.67
666.14
1511.08
1401.76
785.47
1488.94
556.66
1004.38
652.99
989.13
958.47
1165.03
643.51
1314.33
1404.55
754.31
1856.10
2027.45
2026.13
1879.17
1824.35
2021.54
2030.70
1954.63
2033.15
1963.96
2004.60
1937.08
1734.89
1917.92
1865.51
1927.78
1775.82
1994.56
1862.80
1780.59
1733.06
1756.35
1991.14
1947.42
2007.02
1850.20
1934.64
2104.93
1741.54
1963.46
1774.55
1786.61
1955.06
1887.19
2056.71
1726.71
1846.46
1942.13
1930.99
1772.94
1872.21
1992.53
1929.94
1782.99
1757.47
1862.97
1904.09
1715.83
2166.64
2110.63
1880.59
1944.85
1858.12
1932.91
1977.75
1857.73
1975.99
2140.18
1801.08
1875.00
1787.34
1891.10
1866.99
1934.19
1997.85
1828.35
1953.23
1847.99
2002.42
1832.79
2174.64
1953.73
1891.05
1939.30
1877.36
2102.50
1853.15
1972.42
1948.05
1831.19
1961.85
1888.11
1818.18
1944.26
1950.92
1910.69
1844.35
1849.37
1854.20
2028.17
1838.25
1902.64
2164.16
1843.14
2017.62
1743.54
1849.03
2103.71
1775.22
1789.05
1351.86
1205.25
911.87
1851.16
1463.73
774.00
1220.77
1348.94
567.08
1165.93
2148.80
1550.99
1832.29
1738.81
1546.26
1956.76
1703.86
1805.42
1762.33
1373.26
1385.63
2186.41
1754.10
1820.22
1419.81
1443.99
1651.55
832.91
1937.22
1424.02
1709.12
1564.02
1795.85
996.42
1283.96
2069.22
612.23
1845.47
1696.38
398.76
1879.22
1984.14
1172.60
646.86
1306.83
1694.96
1896.68
744.12
1604.47
1427.73
1503.47
1465.84
1203.20
2101.80
1587.83
1011.33
1473.35
1919.49
1239.37
1863.21
1300.30
1035.26
865.75
181.57
1369.24
1088.46
1159.69
1925.94
1359.74
827.78
1482.22
1395.62
1415.08
497.01
1540.63
1583.57
1472.38
1686.83
672.33
1635.48
1212.94
905.94
1491.13
1924.96
677.32
1563.00
1493.26
1719.78
990.21
1780.70
2169.39
878.32
1231.23
1354.15
1491.60
1720.70
1790.73
1263.55
1043.65
1230.76
1341.94
1855.54
1544.44
1756.16
1852.91
1832.46
1846.54
1829.72
1340.70
1650.18
1339.32
1142.64
1163.26
1469.34
1427.37
1234.57
1377.19
1450.26
1307.53
1587.14
921.85
1633.75
1790.22
1182.48
1256.76
2168.01
1162.21
1657.93
1513.80
1881.96
528.99
1449.07
1371.88
1129.22
642.54
1455.39
1139.31
1216.44
1748.37
1290.66
884.53
1387.03
781.08
1870.19
1038.66
1938.85
1935.59
1112.34
781.43
1737.72
1656.19
1579.68
1898.57
2149.57
1464.22
769.36
1604.75
681.73
1244.12
1861.98
1903.14
759.62
697.93
1364.04
1586.14
1109.89
785.44
1701.34
1499.05
2010.82
1847.52
1865.37
996.60
1716.29
1029.45
1427.41
1647.56
1935.88
1655.19
1680.01
968.26
1789.88
1903.06
1554.68
1611.87
1429.26
535.74
1019.93
761.64
1384.20
1968.29
1984.41
1279.34
1453.91
1139.30
1460.42
1669.33
1738.20
1381.43
1597.16
1520.98
1382.38
1894.56
1519.44
1089.33
1619.25
1362.06
1538.15
1658.80
1952.50
1471.83
1635.69
1741.27
1515.67
1623.73
2166.38
1857.94
2044.85
1547.42
986.15
1134.61
2103.62
1905.21
1866.99
1388.38
1668.22
873.64
541.43
1434.01
1512.90
1164.10
1013.14
1137.06
1903.59
1973.11
1622.14
1697.00
1961.94
2008.81
1741.77
1544.95
1648.70
1843.19
1483.01
2001.42
1454.69
1366.16
1821.70
1757.42
1836.23
575.31
705.18
1927.93
1580.33
1757.31
2121.28
1623.81
1870.84
1595.22
1953.62
1221.07
1775.82
807.65
1463.91
1655.14
1702.71
1132.57
1516.58
967.27
1925.01
1644.05
739.36
1571.15
1781.22
773.44
1208.86
1628.51
1819.59
1832.47
1079.75
1056.64
969.46
953.58
1498.15
1434.36
738.25
1749.66
1055.61
1065.24
1813.21
1549.72
1052.27
1797.39
1210.62
1092.34
1547.65
604.16
1296.49
1152.66
1675.89
733.63
1259.00
1022.06
1932.40
1456.26
1472.80
1777.54
1696.36
892.71
1906.92
1706.11
1036.55
1154.38
1637.19
1592.91
1115.86
1721.02
1803.85
1670.91
1593.86
1455.42
1767.32
751.62
1350.38
1301.58
1612.90
1170.17
1598.99
1816.06
937.78
1476.20
1233.81
1832.39
1590.00
1309.45
648.25
1117.67
1889.69
1664.64
875.42
1803.76
1373.88
1201.30
1852.92
1499.01
1418.57
601.28
1023.95
1835.97
1597.77
909.51
955.80
1858.41
1117.25
1330.17
1724.50
1666.86
1489.03
836.50
1782.31
1539.63
1790.64
1821.86
1346.15
1493.47
1570.45
1895.84
808.20
1694.41
1679.85
1550.20
1445.36
1770.45
848.55
1616.43
1475.16
1884.49
2005.48
1548.80
1610.11
1428.13
1822.36
1696.25
948.40
1025.61
1304.24
1275.17
1475.68
1796.77
2097.32
1529.09
1276.50
1236.39
1233.93
1500.09
1190.24
1945.77
1707.52
1759.01
1256.36
1648.64
1548.42
305.44
2117.03
1401.39
1629.61
1610.46
1809.22
1877.11
920.25
625.10
1150.55
670.15
1817.61
1779.91
1939.27
489.74
1405.80
1722.91
1529.89
1577.30
1484.81
1080.12
1779.88
1003.07
1663.95
1658.88
1522.99
1980.15
1700.21
729.24
1587.12
607.83
1556.77
1742.33
1770.39
867.95
1468.41
1194.92
934.46
1640.05
842.50
1674.00
1647.53
1646.81
1965.67
1821.95
1501.50
1173.23
1122.90
1684.82
1258.31
1582.79
1427.84
724.63
1162.64
1349.18
987.71
1782.52
1347.55
2033.68
526.30
1812.09
1477.66
1845.22
1651.34
383.53
758.74
1734.58
648.43
996.18
1544.94
1500.22
1716.96
1365.07
1798.02
1346.27
1761.83
811.20
1518.24
1528.61
1083.81
1521.38
1563.73
1638.45
472.21
1164.19
746.67
1436.64
1570.94
1084.47
1146.24
910.77
1089.83
1084.77
1554.76
1898.55
1891.99
1915.96
1363.16
1941.52
1817.22
1047.70
1242.48
746.61
1082.01
1519.27
1143.06
1836.19
1777.47
1529.82
839.03
1546.93
1180.15
1703.65
1723.08
1934.12
1206.00
1749.41
869.00
1549.31
1306.03
1104.27
1704.37
1326.45
1630.21
1753.53
891.95
1255.03
1527.17
668.99
1594.54
1396.81
876.30
1943.60
1495.34
2139.33
1223.35
522.47
1086.53
1512.76
1853.25
1750.02
1664.54
1381.49
1341.26
1617.43
1637.49
1415.04
1443.33
1911.84
1396.39
1589.84
1415.74
1616.96
1815.07
1799.91
1813.04
1321.89
1085.76
1070.60
1467.10
1569.76
961.54
1869.58
1513.53
793.98
1441.79
1964.93
1524.25
1181.33
1000.31
1528.38
1197.14
818.63
1366.51
952.02
1403.89
1236.57
1314.46
1628.51
952.36
1243.86
1194.60
1150.97
1518.54
1625.63
776.58
1689.15
1176.24
443.51
1374.12
978.28
1460.96
1002.26
1650.48
1147.43
1374.76
1190.25
1743.45
1123.75
1591.97
1209.29
1644.62
1907.45
2170.09
1669.09
1244.79
640.12
1786.95
1564.24
1481.90
1427.21
1611.63
1902.93
1523.40
1514.43
1471.37
1088.90
2074.89
1816.66
1898.35
1137.61
1359.25
1586.80
1642.55
1452.11
685.22
1837.98
1473.08
1801.91
1419.51
842.42
1744.77
1813.32
1400.94
1955.88
1522.13
1556.77
712.26
1516.02
2066.74
1367.35
1612.59
1929.27
1712.99
1492.74
1864.55
1514.81
1530.83
1535.30
1558.78
1538.92
2139.73
897.33
734.44
1876.50
1533.37
1237.86
390.82
1347.67
792.05
959.05
1844.15
981.91
1543.31
1739.50
1753.13
1413.54
1887.70
1378.46
1086.95
1334.46
1873.32
1583.20
1672.17
1587.25
1364.66
1030.71
1543.11
1515.91
1242.77
1453.68
1712.06
1592.56
1207.04
1682.60
1509.56
1648.75
1802.91
1008.08
1919.08
1505.21
1799.36
1079.26
2019.60
1616.41
1982.72
1322.85
1023.42
1932.32
1798.55
1549.62
961.91
1382.65
1839.92
1535.35
1588.35
1391.54
380.44
1615.28
982.68
959.48
1254.30
2220.46
1210.87
1403.19
1699.61
1028.94
663.51
1298.53
1499.03
1406.53
1570.59
974.94
1121.27
1265.11
1430.74
1496.04
1381.05
1836.81
1548.96
1206.14
843.93
1491.11
1769.43
1512.81
1422.36
1505.87
700.89
1417.76
988.83
795.00
1338.47
1569.69
1603.09
1840.31
1211.98
1744.48
888.49
1614.85
1873.46
1127.41
1936.78
1143.11
1869.62
747.13
585.43
1507.48
1063.31
1807.52
1259.74
1816.48
1569.28
1455.83
1594.51
1215.54
869.31
1823.78
1728.30
557.97
1226.09
841.03
1110.30
857.30
1488.05
1459.74
1581.96
2038.95
582.85
832.31
598.36
1322.37
1078.48
1553.17
993.97
2155.17
1608.14
318.19
1560.61
1113.17
647.80
1149.61
1455.30
839.28
1758.06
1808.69
1673.31
789.38
397.87
1481.22
1119.99
1523.34
1538.79
1222.00
1663.89
434.27
619.52
1688.29
1726.67
808.78
949.05
1155.46
1414.50
1458.07
1399.57
1785.19
436.31
1313.95
850.35
1458.63
1658.99
1762.79
1668.67
1503.31
1899.85
1414.53
1929.11
1225.50
1600.30
842.31
1472.58
1206.36
793.40
1592.15
1677.70
1591.40
1659.14
1407.08
1665.15
1456.48
1168.43
1339.66
1243.23
835.02
1739.81
1615.21
1478.94
1382.06
2083.54
1839.27
1731.30
454.95
1108.25
1310.77
2016.74
1530.44
1089.15
1503.60
975.68
1918.94
1693.43
2137.88
1643.27
1397.48
1006.40
2126.66
1702.32
537.29
1277.48
882.17
1377.94
1523.81
1536.29
1479.81
1701.12
1450.62
1866.35
1357.36
1163.77
1521.57
1535.27
815.27
1486.56
1538.60
1000.86
662.42
841.90
1378.67
1127.32
1545.12
981.98
1816.85
1729.63
639.08
1509.56
1491.77
1427.64
1276.89
1350.78
1779.48
1528.33
1825.93
2117.37
1945.06
1689.55
1400.56
1129.22
1473.87
1530.33
1756.38
1692.46
621.46
1819.17
1916.41
1831.95
1738.78
1299.67
1382.61
1179.22
1231.74
1760.57
770.78
338.52
878.45
591.10
1299.74
1018.54
872.33
670.55
895.15
1591.04
1487.01
617.92
1104.32
1947.15
882.95
1785.24
1859.88
1490.97
1691.32
385.93
1461.06
1434.41
957.73
1291.51
1282.12
1159.18
1965.24
1365.68
1550.04
706.67
2117.95
1198.17
1943.07
1166.92
1409.88
1358.49
1625.90
645.38
1425.22
379.66
1420.71
1699.04
1894.82
416.41
1749.18
743.09
1063.20
998.91
1170.20
1686.12
1427.71
1522.04
1548.37
893.90
674.55
1199.40
1940.17
1810.51
1154.33
1991.65
1865.39
1661.60
973.69
1576.33
1491.10
732.79
1593.31
1166.60
1712.39
1311.45
1418.95
1674.99
1441.97
1359.97
1707.69
1748.00
1629.52
1479.66
1305.01
1555.92
1788.66
1171.52
1678.02
1203.31
873.24
1672.23
1595.14
1937.12
956.96
1166.97
1162.65
1059.78
1835.23
1223.91
1991.33
621.41
1348.24
1407.36
1319.61
1489.01
1754.79
1936.04
1558.47
1075.27
1284.46
1749.30
2033.61
517.45
1903.78
774.18
1040.91
1779.27
989.23
1475.83
592.98
1895.01
1523.73
1959.47
1887.99
1306.15
1610.29
1520.93
1896.69
1648.62
1515.28
931.91
840.13
1587.33
824.98
1691.48
1397.12
1370.95
2155.07
1609.39
1574.80
1565.48
1105.11
1766.37
1768.93
1906.37
599.87
1028.49
1072.71
1480.84
1849.99
1694.61
1503.89
1832.10
1647.12
1425.06
1664.53
1787.38
1535.46
1950.91
1015.56
1338.58
996.91
1662.59
1735.80
1723.23
642.54
1375.58
796.16
1298.38
1240.62
1213.07
544.64
1454.28
1421.59
1630.20
1204.06
714.77
1128.11
1629.38
635.52
695.54
1567.59
1763.12
1202.85
1738.62
1578.53
1757.22
1638.79
1626.65
1627.98
1365.41
1764.04
1571.29
1301.94
765.49
1113.94
1086.80
1444.81
589.72
1526.27
1861.45
1683.83
1381.49
1498.53
916.47
1732.59
2096.48
1506.59
1158.80
1810.64
1256.96
1349.51
1535.49
1583.61
995.72
1187.32
1880.40
1700.98
1850.91
1206.75
1636.23
1799.95
1588.78
1926.38
1724.99
1517.93
1717.71
1409.82
1803.88
1349.88
1648.19
1300.68
1500.42
1556.65
1480.64
887.83
666.78
1737.23
1597.42
1266.97
1057.46
1142.81
1446.04
1282.77
622.09
766.05
1560.04
1697.36
1542.98
1514.11
1983.31
1917.83
2031.14
1181.92
1512.60
996.72
1211.66
935.38
1841.85
634.28
1637.34
1081.41
1721.39
1856.19
1408.49
1609.61
1029.97
1513.81
1760.29
488.83
1417.52
1238.48
1452.27
1327.46
1564.11
773.28
1420.00
1454.81
230.08
784.45
1941.84
1529.66
905.71
1174.12
1819.32
601.54
681.54
1928.07
1729.44
1718.10
1898.70
1885.19
1291.69
1463.34
1230.06
1821.87
1645.85
1610.84
1553.10
2006.65
588.69
1747.79
1275.13
1444.96
1541.21
800.08
1219.71
1513.49
1511.15
788.86
1419.13
1855.57
1293.86
860.32
1480.07
1322.30
1580.75
1847.93
1805.83
589.00
239.23
810.36
1631.55
1775.02
1849.47
1572.07
1543.89
1819.24
1718.73
1738.12
613.76
1772.00
1907.75
1585.46
1751.86
1933.87
1457.50
1914.12
1483.20
1248.01
1469.40
854.18
1624.93
1530.03
1778.84
1250.25
1408.15
287.25
1855.00
1423.27
1423.56
545.45
870.78
1857.83
1536.65
1722.05
1015.30
1834.80
1440.50
889.04
1801.97
1265.66
890.80
694.20
1266.81
1903.00
1821.26
1419.36
677.50
1219.58
1174.67
1033.50
1718.45
1244.71
1390.43
1330.62
1498.84
1420.36
1822.09
791.96
1412.49
1799.86
1672.96
419.43
1918.32
1393.75
2182.70
1784.82
745.32
1118.12
628.94
1656.11
1707.09
753.82
1111.42
1698.51
595.50
1068.89
863.17
1620.97
1532.59
2156.83
968.49
1215.02
1207.76
1594.81
1934.18
662.32
1875.42
1299.66
1487.07
715.71
1647.34
1538.15
1916.23
1798.65
727.21
1634.74
1186.51
1875.39
1384.18
1617.84
1709.47
756.09
1205.69
990.49
940.15
1425.29
1457.10
1687.50
1486.33
1381.56
1549.40
1258.55
1413.74
1353.70
2016.21
993.21
1829.59
1582.80
1680.05
1510.46
1066.81
1479.41
1906.84
1611.42
829.44
1549.70
1525.47
2035.24
1661.76
1679.88
1796.01
1436.28
1503.19
1675.57
1816.07
1107.12
1581.08
798.97
1735.51
1795.99
476.64
1625.43
1871.45
1854.92
1489.00
1427.77
762.79
1166.63
1825.81
1144.02
1770.80
1245.25
781.37
1531.30
1567.84
1411.92
1804.06
1198.46
404.93
885.35
1765.31
2056.70
1850.25
1640.32
1986.99
1309.45
1537.38
1742.33
1625.47
1361.34
1477.69
1455.27
1653.73
1030.17
1590.82
1506.55
1121.05
991.78
679.37
1849.86
1323.13
1462.46
869.65
1135.44
1501.84
1600.14
1055.65
1334.93
1730.79
821.19
1920.20
940.14
755.39
1734.24
1034.86
1699.74
1900.54
1049.24
1781.90
1735.54
1874.20
675.82
398.13
869.94
1502.20
1788.16
600.91
1780.34
1839.62
1284.37
1629.80
833.95
759.59
1728.34
799.93
158.96
1361.59
1871.68
1681.10
1617.57
1906.81
1685.59
2043.83
1676.22
1389.71
1268.90
1707.70
932.40
1499.49
1498.74
1817.40
1178.57
1632.28
1224.12
1542.02
1553.40
1298.86
1414.06
911.00
1778.64
1012.97
1755.09
2095.82
799.45
1843.35
155.67
1966.40
1364.04
1688.52
1744.52
1017.48
1835.62
1954.41
1637.20
1642.30
621.46
1516.41
1665.33
1474.64
1442.38
1758.12
1060.83
1891.00
1562.19
1262.87
236.70
1900.01
415.85
306.08
1193.08
892.29
1767.92
1823.27
1484.71
1764.83
1574.49
1445.27
1539.25
1079.62
775.72
1715.27
1281.16
1545.30
1364.33
1396.54
1719.32
1638.77
1475.10
678.84
1493.61
1458.04
1865.43
1054.91
676.71
1103.15
1188.06
1342.73
1035.89
1577.53
1529.69
1747.53
795.36
1735.76
819.95
1975.91
1918.17
1492.62
1231.62
1478.17
832.08
1812.75
1274.78
855.06
1619.21
1046.68
831.87
522.68
921.09
525.43
1847.31
1885.60
1639.42
1252.04
1169.21
446.92
1538.06
1735.47
1123.53
450.46
1609.77
1640.58
559.43
1360.39
715.03
990.25
1176.90
2046.58
877.56
322.71
1320.08
1906.02
1429.34
1860.57
1905.40
1192.13
1665.99
1912.59
1276.62
877.79
1062.42
1698.41
1357.83
1628.83
999.87
1481.29
2153.93
1633.45
1205.93
1913.87
1969.49
1349.87
1724.85
1560.47
986.84
1895.05
1325.93
1248.15
1560.09
1766.76
1506.67
511.65
1524.62
799.04
1077.24
228.22
1697.90
1865.76
1727.69
1160.62
1310.12
1723.39
1935.08
1582.93
1287.90
1464.07
582.57
1831.21
1837.43
1062.20
1794.44
1303.34
1743.67
1820.91
1595.53
639.55
966.42
1511.38
1829.98
1486.46
1210.37
1571.95
1426.99
1156.92
1797.45
1538.09
1837.49
1560.36
881.78
1829.68
1470.09
1658.28
1011.40
1584.19
1202.33
929.21
1492.48
1645.63
1517.71
1450.24
1870.44
1176.25
770.12
939.08
1778.58
1643.75
1653.59
1393.39
1321.56
1322.60
705.15
2046.28
1039.07
1947.12
1076.24
1640.52
604.72
1337.93
1241.42
1050.07
383.22
1688.76
1718.56
576.59
1136.48
2080.68
1856.55
1162.84
1832.41
1414.84
1582.59
1602.77
1513.13
2156.06
980.71
638.55
1950.12
1656.52
1483.64
1829.26
2141.77
1487.06
1650.22
1580.47
1403.78
1171.23
1181.43
1232.25
1596.00
1507.50
2003.44
1501.74
1580.44
1569.67
1661.78
1300.41
1804.04
1050.15
1410.01
1354.70
1603.62
2039.56
594.68
1098.41
1387.58
1954.29
1794.44
1154.85
1950.92
1638.79
1656.43
1792.70
880.52
838.19
1817.86
357.97
1844.26
1940.00
1927.20
1743.02
1401.65
1523.41
1519.94
1816.78
322.21
1638.98
1160.41
1232.38
1940.74
1298.94
1171.19
1500.59
1608.44
1623.00
1494.29
1553.42
1392.52
1871.79
879.12
1330.44
1122.53
1201.19
684.88
663.61
958.85
1566.74
564.29
1474.39
862.21
1522.26
1785.33
1906.76
1525.79
1885.83
1509.41
1365.41
1609.63
1922.39
1221.56
593.95
1163.27
1739.84
1602.93
1828.99
1875.92
693.01
463.89
1757.57
1100.20
1838.18
893.80
1839.36
1120.70
1582.01
1172.00
1145.75
1315.13
1349.61
1891.37
1240.94
1961.33
1511.97
1477.26
1671.54
1688.92
1900.06
1755.61
1590.31
1069.85
2109.10
1117.57
793.65
1568.91
1278.36
1604.78
868.35
1296.41
1224.75
1651.03
1594.13
1942.10
1193.41
1409.71
1567.92
561.65
1692.90
1516.19
1837.24
1849.40
592.29
630.97
1680.23
1865.34
1140.35
1828.92
821.32
1164.57
1400.26
750.37
2169.56
1438.75
1123.03
1825.07
1857.02
1474.79
1017.43
843.94
1490.47
1605.14
1790.07
1502.34
1673.30
1621.19
1177.72
1875.97
1647.56
1336.84
1885.35
349.04
1702.50
1392.90
1699.63
656.94
663.40
1925.47
1677.77
1229.18
950.22
1584.37
1918.61
1691.18
1330.89
1647.94
1652.39
1221.20
1721.63
1636.27
1483.69
1170.23
1309.25
943.26
1777.30
2060.86
1573.43
1912.16
2152.27
1820.60
1502.74
1620.15
679.01
894.14
1516.58
803.21
1508.79
1445.70
1874.00
1022.41
1697.23
1647.33
1587.98
1667.48
1521.88
1828.00
566.78
946.05
687.75
1424.37
728.30
1874.88
1640.56
2144.50
1620.04
1326.54
1058.44
478.54
950.15
1648.16
1494.19
1643.46
1015.24
937.83
1399.25
1335.63
1535.68
886.54
934.40
1522.10
1525.27
1969.67
851.85
1224.92
515.53
825.68
1655.78
1373.18
1793.69
1514.40
1604.99
1422.09
1846.06
1845.15
1103.18
1925.03
1540.41
1535.77
993.06
1505.47
1748.28
371.20
1848.75
1881.92
1098.98
1531.52
986.67
1754.04
1215.49
1489.38
1514.43
1495.05
671.29
1614.55
1551.61
1638.61
956.13
1054.53
1864.23
749.94
1769.26
1933.68
865.03
1412.63
1909.81
1370.59
796.24
1812.01
1169.26
1286.97
1344.17
1744.68
976.32
1362.56
1975.58
1567.44
1227.68
1645.49
1600.25
1371.32
985.79
1490.14
1178.97
753.89
1193.01
1448.52
392.03
1609.37
492.84
1544.83
1246.56
1735.60
1662.72
1665.63
1455.23
1539.22
428.97
894.46
1536.40
1874.31
1155.72
1636.00
1919.49
1602.04
1454.59
1514.77
1142.39
1600.10
452.36
2184.38
1450.05
972.33
765.50
641.59
1847.31
1405.52
1447.54
1936.96
1804.28
1333.25
1606.69
1507.90
981.00
1884.49
1646.59
1599.17
1526.29
1501.15
1970.44
1517.30
1691.09
1061.87
868.16
1702.49
1817.51
1349.82
1029.78
1994.80
1465.17
1776.55
1615.34
1596.15
1504.20
1173.45
1545.25
1330.27
1922.48
1222.41
1790.09
1662.50
1574.57
2147.71
1329.42
1441.71
1616.36
1539.82
1451.80
892.67
1052.40
1637.45
1465.44
1831.84
1604.64
1244.99
817.11
1174.47
1002.92
1859.23
1515.38
1320.00
1843.27
1323.94
1742.31
2094.55
1842.97
1614.84
1627.21
1622.23
1226.56
552.76
1632.02
2073.27
1811.11
1830.39
2197.23
1726.62
1850.73
1270.23
1025.53
1295.02
1747.72
1597.05
1627.05
1225.80
1657.08
1630.53
843.92
1771.03
1414.33
1928.99
2121.25
1293.90
882.32
1574.93
1835.18
1602.93
1670.13
932.44
1895.73
1878.03
1880.25
1352.31
1575.18
1959.68
399.53
672.42
1412.66
850.52
1356.10
1204.79
1746.04
1080.29
1181.63
1156.74
1193.66
1709.20
1676.50
1360.75
1212.75
1691.66
1575.42
1564.26
916.79
1938.41
1442.55
1496.96
1352.34
1511.29
1717.30
1283.77
1107.35
384.96
807.32
1581.79
889.91
1451.12
1507.37
1598.95
2152.41
1853.04
1777.23
1608.58
1729.28
1419.73
1914.43
1476.71
1583.97
1868.09
1978.93
1475.32
1746.78
1580.55
1554.48
1817.03
995.62
1111.61
2043.35
2046.13
1481.74
938.68
1686.63
1950.23
1521.34
1642.01
1593.06
1980.76
998.46
1719.08
720.72
1266.78
1569.87
669.63
1458.49
1565.95
1903.56
1767.31
1702.38
1196.37
1139.63
1308.63
1916.74
1834.07
1490.11
1719.00
1350.46
936.88
1615.21
1171.46
1578.30
1204.38
1551.60
1858.21
1916.40
2008.49
1503.44
957.08
1857.81
1187.46
1613.12
1306.69
1714.77
1295.28
985.71
1232.73
1709.85
1496.07
1571.12
1091.36
1686.22
1610.90
1821.39
1978.98
1687.78
420.57
1396.77
1180.69
1399.85
2174.27
760.00
1615.26
1821.85
1212.69
1316.18
1798.57
1736.86
1544.05
1665.91
601.65
853.67
1206.45
1583.63
1401.55
1648.00
1610.55
1504.37
1322.86
1526.94
861.35
1637.22
1844.87
1924.43
1899.89
1808.96
1527.55
899.31
879.49
1613.74
972.33
1504.18
1520.37
1587.80
963.50
1606.58
1931.08
961.79
1762.41
988.47
897.06
1749.72
1313.37
1773.34
1849.21
1581.07
906.11
1476.46
968.21
1411.33
1606.48
1056.64
1648.75
1537.39
1004.53
912.36
1449.71
1016.19
1807.38
1326.95
1310.36
1685.86
1486.78
802.11
1217.33
1516.56
843.95
632.51
642.75
425.22
1364.30
1806.22
704.32
1610.97
1534.87
1604.27
1563.89
1623.64
1921.99
813.51
1461.11
2157.92
1569.88
1714.79
1345.98
1247.87
1667.10
1332.85
1220.07
1069.34
1582.43
1707.46
1489.81
1174.02
1663.96
772.02
978.02
928.16
1661.81
1018.60
1452.62
826.65
934.21
1437.67
1035.87
878.53
412.41
1809.98
956.80
836.45
1848.87
762.68
2012.32
1353.24
1615.62
1841.69
1377.14
789.60
1821.01
1886.41
1843.09
662.47
972.47
886.62
1558.84
626.97
1553.00
1656.22
1501.89
1884.24
1062.85
1089.48
1694.64
1562.25
1953.35
1952.96
1503.54
1679.60
1721.12
703.31
1583.85
977.50
1741.18
898.97
318.55
834.46
1010.49
1712.72
1836.97
962.94
1493.15
1298.52
843.52
1424.38
1666.97
1403.74
1573.49
1894.63
757.04
1586.18
844.04
1817.15
1153.82
1237.42
1022.91
2008.60
1344.62
1275.60
1942.58
1616.01
1223.29
1907.13
1580.93
1385.45
2004.21
1773.43
1159.08
1521.80
1421.98
1663.21
1218.37
1714.06
1122.95
1606.34
1628.89
1772.76
1834.27
2136.21
2117.94
728.82
1488.16
1968.94
1552.94
721.11
751.68
1171.35
2070.38
1370.42
1426.66
1765.95
885.34
1635.85
1560.00
1760.95
560.02
973.34
1696.34
1742.93
939.35
1173.08
1917.54
1778.99
1673.94
1643.68
1157.76
592.19
1899.39
1423.34
1199.42
2221.67
1479.59
1764.22
1245.55
1614.35
1733.77
1848.97
1792.86
825.26
1565.60
1353.94
1575.54
1873.90
1425.29
1757.80
1355.83
1736.46
856.61
759.25
1143.21
1309.84
1764.32
1166.30
1885.63
1260.43
1440.79
1497.75
1285.49
1491.65
1260.89
1936.82
1852.35
1266.75
855.44
1107.08
1425.22
2106.18
867.83
1841.50
1348.73
2149.34
1489.38
1909.54
677.84
1645.45
1402.17
1082.38
1493.23
1163.63
1049.07
1596.99
1227.40
1779.29
1516.32
1282.92
1664.07
1466.62
1536.51
1369.27
2145.40
1536.75
1414.13
1099.78
1199.51
1863.00
1585.31
1579.13
786.20
1462.16
1829.60
1652.47
1850.17
2047.74
836.37
1552.14
1742.27
1552.66
940.83
1800.61
625.76
1512.13
1610.05
1568.16
1197.11
806.04
1089.57
1784.16
1133.46
1592.32
1759.37
1537.32
1774.91
1243.80
1882.00
1610.10
1641.75
1771.89
422.53
1325.42
1077.59
1791.17
1763.68
489.66
1167.71
1348.99
1681.56
1931.94
1347.83
1867.66
1844.33
992.87
1557.19
1911.03
1507.74
1571.09
1480.06
1231.93
1888.02
1420.22
1301.90
1345.90
1808.82
1327.30
692.21
1434.12
1875.99
908.84
1414.81
1600.91
1344.90
1508.33
879.35
760.40
1707.65
1668.33
1157.34
1107.85
1919.48
1519.05
1869.45
597.15
1568.26
811.30
1268.94
1371.79
837.83
866.03
1396.97
815.34
1840.60
1316.34
1320.16
1876.99
1332.01
1504.35
1547.69
1325.03
1197.91
1289.08
1379.68
1662.43
910.02
793.12
952.04
579.33
2063.39
1688.45
1353.66
1151.71
485.10
1212.78
1397.74
1388.58
1235.51
2208.80
1247.26
1374.53
1507.89
1777.74
1743.47
1638.69
1708.45
1406.83
1790.22
1908.81
1448.06
1477.51
1503.72
753.99
1725.40
1290.19
1102.67
1855.70
1964.95
1853.04
1173.25
1652.25
862.69
851.12
1832.00
1182.90
1657.92
467.60
1446.67
1796.11
841.71
1590.04
1664.67
1908.34
220.27
1321.12
2086.82
1907.40
693.89
1307.35
1569.19
1856.73
1701.43
1958.65
1362.87
1527.55
806.88
1478.90
1077.44
739.44
1405.73
252.34
1917.08
664.65
701.91
1560.04
1346.35
2163.02
1205.03
1925.49
1956.64
867.73
1873.81
1525.22
2098.25
720.54
713.89
1624.00
1639.44
1612.19
630.86
1703.33
2152.46
1196.52
1176.08
678.78
1759.23
1775.40
1582.33
2065.07
1637.85
1553.79
585.23
1145.71
1760.49
2014.71
1669.78
1845.26
800.14
1582.03
1356.92
1980.36
1329.66
1370.15
1624.20
1617.59
709.08
1853.44
1311.10
1520.72
1877.50
1353.48
1309.55
1505.18
1920.15
815.19
834.79
1987.70
1770.74
562.18
1549.53
1455.52
1535.99
1864.37
1803.57
1186.41
976.25
1650.23
1537.22
1594.59
785.64
1468.75
902.70
1491.34
1376.09
1506.20
1891.25
1684.28
844.27
1659.62
1554.68
1193.84
1369.94
1824.25
1745.05
1621.82
1781.65
1370.33
1914.91
1624.23
1821.93
1882.73
1250.36
1285.76
1544.57
1230.49
1695.88
1698.66
1863.23
1507.39
1724.70
1924.24
594.77
1266.74
682.60
1729.31
1500.39
1635.12
1414.75
754.48
1372.04
1326.28
1454.37
1227.38
1815.89
1923.53
1247.21
1972.67
708.96
1556.94
946.99
1618.97
1187.69
1173.76
1566.04
1335.24
1159.92
612.95
1457.74
1459.23
1493.03
1789.20
1707.94
1476.25
1744.15
1790.75
1518.24
1540.53
1379.10
1191.90
1426.41
1987.33
1004.51
956.43
1937.09
748.68
1810.80
1568.97
1525.87
1405.26
1705.96
1375.81
1871.52
1780.75
853.64
1759.72
1177.90
751.14
1362.34
886.79
1810.28
1870.30
1532.11
1490.04
1648.04
307.92
1621.17
1196.74
1117.77
1726.09
1037.27
738.52
1765.63
930.46
1331.65
1682.69
799.29
1507.28
661.92
717.77
1385.04
1824.68
1150.04
1625.55
1545.17
1194.30
1899.47
1696.89
1618.63
1549.09
1448.00
1452.26
729.11
1744.55
1862.52
767.62
783.19
943.97
1665.52
1819.40
1108.36
1950.63
1255.19
1172.46
1917.28
1175.98
1916.93
788.65
1409.17
1543.53
896.78
1824.50
1314.00
1165.19
1742.41
1286.27
946.43
1813.06
1975.62
1559.16
1637.43
1218.31
1192.10
1375.37
1630.01
1314.87
1914.03
1569.54
1341.85
1228.52
851.35
1785.55
1631.26
1182.23
1451.12
1887.59
2158.59
711.34
1780.12
1651.52
828.10
288.80
1493.10
1339.07
1392.13
1074.00
827.47
1585.74
1732.32
1479.02
1732.21
1591.34
1457.73
1003.64
1515.96
1017.99
1182.44
1302.32
1107.39
1135.24
628.01
973.48
1815.93
2092.84
1760.90
1895.90
1225.28
1607.89
1667.56
1196.13
1360.24
1918.76
1164.70
1659.02
1674.46
2023.72
1557.62
1394.45
1485.75
1946.45
981.33
863.18
1444.18
1575.69
998.80
952.08
1139.02
1196.84
1841.50
1452.39
1314.03
1834.38
1581.75
1623.91
323.73
379.85
1961.60
1606.58
996.87
1817.82
844.78
1036.36
708.09
1642.91
1236.34
2058.59
851.03
1488.25
1441.72
665.40
1872.87
1213.53
632.71
1328.18
1766.45
1630.19
1313.54
1923.81
1530.16
611.36
1800.67
2107.79
1418.57
2079.91
1205.13
2149.42
1169.80
1711.20
964.40
1451.30
877.29
1167.18
1325.86
1491.66
1336.40
1527.37
805.92
745.89
1538.15
1207.03
1922.62
1829.08
1575.99
757.60
1387.46
1101.97
805.46
1635.19
866.16
1493.58
1293.51
1443.38
1437.58
1675.71
967.71
937.02
1811.40
1368.03
1900.30
922.16
852.00
1839.07
1039.12
1292.76
1586.78
1525.31
1211.44
241.23
1812.08
1285.60
1944.16
1287.89
1537.68
1275.19
1905.96
1710.80
1705.73
1616.89
1681.63
753.21
1885.19
1539.47
1494.29
1788.48
1775.53
1480.93
1327.88
1855.59
1745.77
1145.58
1750.30
1376.60
996.60
855.75
1334.56
1937.40
1159.70
906.27
1615.53
819.70
1537.09
1269.13
1154.25
1500.27
1510.07
1562.14
1068.57
1717.99
1152.93
1102.55
1089.87
1478.52
1547.69
1543.38
905.75
1360.58
887.02
1784.43
1236.70
1640.00
1089.31
2154.51
1813.83
1208.57
1886.28
1222.63
1758.04
1439.37
1212.45
1349.17
1535.11
1354.53
651.04
1594.41
1482.78
996.31
2063.37
1260.41
1827.30
1100.30
1477.24
1082.38
1891.59
1516.78
1879.94
1594.85
1612.12
1793.47
924.70
1663.46
845.80
1428.38
1027.62
1214.44
1165.04
2023.74
1742.49
1549.81
1179.37
988.39
1549.50
2109.62
1827.33
606.23
1200.72
1149.80
1580.42
1521.20
1490.23
1583.42
1477.27
217.08
1546.36
1757.65
1435.76
1668.94
1077.51
1887.11
1789.19
1131.42
585.96
2130.10
1171.81
1734.89
1728.58
1383.06
1986.15
1209.32
1663.63
1766.34
580.31
1374.55
316.75
1776.19
827.63
915.92
1844.64
1966.00
829.63
1493.97
1574.16
1943.99
1785.19
286.47
1609.38
1104.18
1886.17
1231.99
2022.12
1997.86
2016.53
1469.49
1686.93
1228.56
1472.16
656.39
1701.42
1532.05
942.13
1119.05
1725.43
1379.74
1799.51
309.59
1722.30
1691.15
986.03
1130.34
812.96
1529.46
1230.61
1167.90
1249.45
1118.21
1586.96
1523.96
1091.00
1369.74
1604.61
1343.82
1589.14
1329.07
1773.57
1845.07
1134.20
1214.50
1038.59
1614.98
816.65
634.84
1242.52
831.45
1843.28
1365.46
917.06
1878.33
1119.23
1829.91
1266.97
1206.54
1371.60
749.63
1275.29
1264.09
1381.09
1835.31
820.34
1332.21
1482.06
1753.05
596.61
1355.30
1408.61
897.33
1944.63
1812.28
1000.57
1367.52
1310.58
1666.61
1607.73
1407.05
1193.25
834.38
2024.86
1206.22
2033.66
1121.53
850.12
1953.63
1423.93
1522.60
1181.60
1411.00
1528.45
1257.33
1293.52
816.33
1350.87
1347.60
1329.10
1461.17
799.44
1436.02
1086.59
1347.11
1418.33
1692.63
1950.06
1617.56
1254.15
1912.67
942.88
1642.24
1172.50
1543.32
1168.58
1200.81
1604.38
1641.64
1710.11
815.97
1250.40
2127.13
1710.67
1631.35
1311.16
1902.57
1756.40
2074.94
1594.83
1529.53
1567.58
1838.38
1488.66
1126.31
1423.99
1482.87
1367.92
678.79
1140.30
1863.12
1252.42
1530.34
1910.35
1815.54
1549.10
866.75
1572.98
1839.54
375.27
1488.49
1410.29
1570.15
1666.64
1085.27
1369.43
739.46
533.54
1300.85
1616.73
2025.08
1868.44
1788.21
1347.56
1708.24
1721.22
1885.59
889.47
1763.72
631.68
915.03
1042.04
1525.13
1014.13
1614.99
1186.27
1581.18
1593.15
1826.48
1416.93
1404.49
1697.77
1358.49
1572.88
1896.80
1625.97
1038.92
1300.34
1719.83
1193.15
1402.89
915.54
873.88
1498.29
1785.68
1027.07
803.29
1204.22
1725.11
1395.29
1335.34
958.04
1819.66
1564.84
1584.39
1645.26
1436.81
1038.68
739.98
1333.58
845.94
960.74
1772.02
1961.76
1322.08
1987.39
928.61
1209.34
1035.33
905.71
1093.22
1306.72
1578.57
1414.97
819.89
1516.32
1794.50
1470.84
1274.27
1696.58
1490.11
1929.73
1205.34
887.79
1423.39
1622.52
1261.53
1191.41
1606.53
1226.92
546.06
1686.61
1598.76
834.00
1159.79
1177.03
937.17
1624.08
1549.69
1173.71
1164.61
1642.59
1629.82
1696.27
1855.97
1485.16
1479.96
1731.14
1782.46
1627.73
1943.56
1857.73
1588.36
1701.28
1183.22
1481.39
1236.00
1183.62
1749.21
1320.69
1204.19
1598.10
695.57
1882.67
1226.68
985.92
997.15
1914.10
1551.71
1533.42
1681.10
1427.51
1622.52
834.46
1401.64
879.70
1496.94
1694.91
1060.41
1455.54
1489.93
1025.86
1237.58
851.25
1534.70
1839.97
973.08
1262.29
671.48
1554.32
549.90
1022.99
827.28
1413.78
1571.29
2048.21
2103.91
1387.95
1897.44
741.92
931.36
1880.45
1586.58
1187.06
1443.58
1530.38
1247.14
1921.91
1488.41
1091.65
2159.25
2145.08
1978.60
1646.91
1561.63
818.16
1544.68
1214.86
1538.87
1506.09
1012.08
561.57
1888.81
1386.30
842.29
1446.40
1629.79
1193.03
1607.04
1861.10
1027.23
789.17
1302.15
1743.61
672.43
623.95
595.84
1855.48
1646.36
1371.45
1832.23
1304.15
1917.32
1601.75
1390.71
1608.00
1936.20
1478.47
1296.68
1532.65
893.27
679.61
1544.08
1584.54
1570.62
1594.99
850.83
1812.48
1820.25
1519.47
1944.92
1586.22
1733.62
1437.27
2109.49
1759.21
1180.42
752.12
830.58
1751.51
1010.59
1611.55
1708.28
1483.96
1166.92
1419.05
1380.65
1483.02
773.53
1250.79
1826.97
786.40
1629.45
986.63
1641.20
1476.66
1129.18
799.36
1529.94
1382.71
1467.45
1487.83
1257.04
1653.49
1191.59
1468.56
1435.52
1835.52
943.24
1809.20
1699.02
1583.44
557.53
594.24
1821.57
1075.50
850.90
1549.85
903.42
1644.21
1772.69
1600.62
1826.00
1502.52
1515.14
1917.07
1831.66
1212.80
1395.20
1504.19
1557.76
1168.61
1118.59
1524.21
1330.54
1214.95
1601.16
1661.66
1177.93
1501.93
1701.93
674.37
680.30
1696.95
1465.07
1456.27
1760.32
1636.58
1221.66
1022.05
1656.59
1415.14
994.97
1840.21
1452.52
1832.05
1486.79
1726.18
1112.88
1474.37
1717.35
1755.96
2162.57
1032.60
639.86
1315.51
1401.53
976.24
694.66
1754.96
1167.63
1834.33
1260.98
1756.32
1847.10
1656.16
939.45
1510.73
1570.75
1107.21
680.75
603.64
1223.34
1815.80
1611.84
685.61
1246.91
1463.34
1673.74
1577.01
1868.12
1975.29
1840.24
1485.07
1979.96
982.42
1158.45
409.83
1722.40
1508.09
1332.61
1529.21
1562.39
2139.91
1836.62
1733.54
1473.81
1406.75
1447.22
1594.42
2026.11
1916.61
1381.19
812.29
1626.45
1268.04
1291.33
1408.99
1417.83
1873.85
1056.19
938.30
1224.94
386.22
1590.51
1557.45
1543.00
1513.98
1081.30
1133.34
1301.72
1034.18
534.70
1573.33
790.22
1611.65
944.28
1732.98
991.54
1908.36
1854.46
1729.86
1612.85
1914.04
1345.66
1887.33
521.60
1209.18
2163.59
1070.13
1264.14
1512.65
1553.89
428.08
1473.28
1497.55
1314.35
1824.84
1848.48
344.56
1512.53
508.51
1598.41
1415.67
1631.16
1451.69
1739.72
1980.78
553.14
213.46
1368.90
1142.56
1157.73
1174.30
894.53
1775.72
853.09
1829.70
1517.08
762.31
831.82
1241.60
1708.21
1674.46
766.66
1625.00
1554.74
1090.03
565.99
753.01
1537.67
1252.20
1024.20
1484.97
838.04
1639.94
643.39
1248.75
1746.36
1566.96
1952.56
1581.34
1456.28
903.82
1724.32
786.47
1649.24
1172.96
1617.40
1337.52
1259.85
1505.79
1552.29
1583.80
1394.58
1914.43
1760.55
1818.53
839.08
1821.23
1333.08
1474.27
1935.73
1649.75
1718.94
829.20
1254.84
1247.59
1910.83
1434.22
1799.13
1562.83
775.82
1571.66
1672.04
1848.36
1117.71
1041.53
824.86
1514.40
2177.70
1030.46
1814.79
1625.59
1234.55
646.73
1713.74
850.71
1476.14
599.17
1131.53
1151.15
1260.33
1795.47
1983.45
824.69
1711.77
838.47
657.39
1374.53
1144.97
682.64
1571.08
1807.73
1201.88
1550.32
1124.50
1260.17
1558.59
1521.29
1150.63
1213.62
1350.37
427.78
618.85
1577.06
1225.26
1157.19
1113.19
1319.55
985.77
884.06
1792.34
789.24
867.68
1456.05
1597.25
1600.09
1150.28
1588.96
1578.18
1630.46
1449.67
1888.61
1361.42
1648.06
1776.73
1020.17
1745.25
1530.36
1808.34
1408.32
1212.89
1755.61
1418.50
1834.88
1915.43
1923.31
1862.54
1633.56
1248.26
1580.27
1713.77
1107.19
1271.01
1109.69
1614.79
1960.92
1834.18
1989.77
1408.92
997.92
1447.11
1665.47
1574.17
1770.08
657.75
1439.97
456.54
1418.10
1999.15
1540.69
1587.52
979.69
897.34
1668.17
1366.71
1259.22
1495.40
1284.14
1940.53
1649.02
640.49
1229.89
1739.88
1314.12
1261.74
1516.27
1466.44
1037.58
692.20
510.44
1787.55
896.64
1688.43
1876.71
1588.69
1551.54
1992.05
812.85
1391.60
1505.78
1374.72
1254.86
781.81
1782.81
1573.30
1467.43
458.19
1148.02
1567.70
1551.90
979.42
1922.27
861.42
852.48
1452.30
1308.13
1824.86
961.61
964.32
1835.12
2091.27
1722.51
1406.57
1102.65
658.42
1701.68
1317.78
1710.30
408.80
1748.34
1755.21
1712.83
1571.18
1857.68
894.87
767.77
1742.18
1665.74
1631.35
1352.11
1168.66
1420.48
1020.80
931.85
1966.47
1020.59
1350.01
1453.99
1058.93
1164.95
1566.72
1943.17
1328.49
518.34
1489.82
1064.40
1549.16
1545.61
1232.91
1737.28
1534.27
1607.80
1930.92
1468.22
1027.47
1490.51
2164.18
1181.72
1429.86
1482.72
1075.66
1316.28
1443.58
1063.97
1556.18
771.28
1415.24
993.33
1244.22
1513.07
710.80
1366.08
1959.76
826.91
2133.10
940.95
1113.00
971.41
1619.40
1780.73
1305.88
1514.67
1269.69
970.59
799.51
1795.19
1190.68
1886.69
1652.48
1712.41
1059.10
1440.61
1394.69
1799.24
1198.40
1338.49
1681.10
782.01
1850.93
1910.90
1874.95
1804.33
1752.29
1051.14
1688.26
302.14
1408.53
1139.21
1392.21
817.19
2147.76
1350.86
1406.92
896.61
1947.18
954.13
179.79
777.15
990.59
1880.41
1982.00
1782.54
1610.34
1884.02
1290.31
1584.93
1035.98
1214.35
1490.85
926.45
818.05
1717.75
1229.23
719.93
1411.31
1755.08
1353.90
1683.19
1888.08
1176.14
1944.68
1647.94
1510.30
1687.01
1398.38
1184.66
869.37
1039.39
616.07
1593.19
1653.11
1696.85
1493.90
1196.60
1385.32
1318.49
597.26
1794.60
1622.75
1483.96
1854.17
1555.99
1304.33
2090.01
811.61
1313.51
695.69
1620.34
1430.77
980.68
1267.99
1826.17
1784.03
1652.92
1363.86
823.09
2046.87
825.89
1485.97
1401.25
1251.26
1497.23
1321.91
1423.15
1165.82
896.01
1991.80
1584.10
712.45
1827.74
1374.85
1596.05
567.56
1721.00
1398.16
518.20
1157.08
1452.25
326.11
1395.05
1231.72
1399.46
1686.30
1427.82
1249.19
1733.56
2153.65
613.83
1601.10
665.85
1613.02
1444.60
1161.76
1979.73
1655.46
1782.93
1487.14
1419.27
1901.34
1062.40
1767.21
1443.65
1326.27
1222.78
1672.24
445.40
1075.45
957.72
930.61
1776.73
804.05
1010.66
1904.61
1514.00
1225.51
354.85
1317.08
1104.06
977.12
1120.70
834.47
1616.16
1674.48
1886.20
1377.68
1744.12
855.49
1586.90
1410.78
1618.26
1508.71
2141.61
1259.09
1507.75
1414.98
1242.14
2072.84
1846.57
1507.92
997.91
1698.24
775.52
1449.43
840.80
1803.86
1489.87
1230.04
1575.81
1561.35
2122.92
1635.67
210.98
1534.48
1729.81
1326.94
1062.41
1413.14
1552.58
1320.34
945.75
1933.29
1595.40
1587.91
2040.54
1930.45
1527.42
1318.15
1523.84
1599.53
1397.05
402.46
1614.07
1806.46
1181.93
1191.24
1718.80
650.85
558.65
648.41
1836.32
1241.85
